NAVSTAR 43 (USA 132)    
1 24876U 97035A   23330.85893025  .00000048  00000+0  00000+0 0  9992
2 24876  55.6115 135.0804 0075255  53.6106 307.0804  2.00564695193235
NAVSTAR 47 (USA 150)    
1 26360U 00025A   23331.24269167 -.00000086  00000+0  00000+0 0  9996
2 26360  54.5018  57.1691 0041729 205.2644 162.6295  2.00564890172563
NAVSTAR 51 (USA 166)    
1 27663U 03005A   23330.71340398 -.00000016  00000+0  00000+0 0  9994
2 27663  55.2013 252.0949 0135472  45.3926 278.7677  2.00561179152580
NAVSTAR 52 (USA 168)    
1 27704U 03010A   23331.00258360 -.00000095  00000+0  00000+0 0  9993
2 27704  55.1153   1.9925 0251495 320.7452  70.4103  2.00554956151397
NAVSTAR 54 (USA 177)    
1 28190U 04009A   23331.04973146 -.00000077  00000+0  00000+0 0  9992
2 28190  55.6257 313.1383 0092104 141.6926 222.1424  2.00564664144233
NAVSTAR 56 (USA 180)    
1 28474U 04045A   23331.53160647 -.00000096  00000+0  00000+0 0  9996
2 28474  55.4429   2.3211 0164817 285.1012 119.4550  2.00557789139721
ANIK F1R                
1 28868U 05036A   23331.50595653 -.00000065  00000+0  00000+0 0  9996
2 28868   1.9086  88.0189 0001033 135.8747 277.1158  1.00272003 37101
NAVSTAR 57 (USA 183)    
1 28874U 05038A   23331.09329601 -.00000076  00000+0  00000+0 0  9999
2 28874  55.6755 310.5911 0140310 281.3125 137.5034  2.00569711133129
INMARSAT 4-F2           
1 28899U 05044A   23331.62007972 -.00000255  00000+0  00000+0 0  9995
2 28899   3.9732  41.5198 0002442 224.5654 166.7604  1.00269566 66175
NAVSTAR 58 (USA 190)    
1 29486U 06042A   23330.94170507  .00000079  00000+0  00000+0 0  9999
2 29486  54.6792 188.3417 0104759  35.0151 174.9369  2.00565682125671
NAVSTAR 59 (USA 192)    
1 29601U 06052A   23331.07615579 -.00000012  00000+0  00000+0 0  9995
2 29601  55.2246 251.0452 0085320  79.6895 281.2973  2.00554093124697
NAVSTAR 60 (USA 196)    
1 32260U 07047A   23331.38770830  .00000009  00000+0  00000+0 0  9996
2 32260  53.5064 118.6563 0152517  72.8148 288.8203  2.00574624118101
COSMOS 2433             
1 32275U 07052A   23331.02978422 -.00000060  00000+0  00000+0 0  9994
2 32275  66.0000 347.1506 0005563 252.7990 107.1852  2.13104041125178
COSMOS 2432             
1 32276U 07052B   23331.06652375 -.00000060  00000+0  00000+0 0  9995
2 32276  66.0145 347.2596 0011218 312.4094  22.5662  2.13103247125190
NAVSTAR 61 (USA 199)    
1 32384U 07062A   23331.44562366 -.00000075  00000+0  00000+0 0  9994
2 32384  55.8091 311.4107 0023945 151.8467  20.4740  2.00562960116805
COSMOS 2434             
1 32393U 07065A   23331.40118645  .00000042  00000+0  00000+0 0  9993
2 32393  64.3278 223.4529 0003636  71.0393 105.3373  2.13103067123898
COSMOS 2436             
1 32395U 07065C   23331.57070258  .00000042  00000+0  00000+0 0  9990
2 32395  64.3364 223.5096 0016878   4.3648  77.4663  2.13102683123850
NAVSTAR 62 (USA 201)    
1 32711U 08012A   23330.80316202  .00000080  00000+0  00000+0 0  9994
2 32711  54.4480 187.1588 0178302 236.3372 122.0401  2.00560264115031
NAVSTAR 64 (USA 206)    
1 35752U 09043A   23331.31778267 -.00000078  00000+0  00000+0 0  9995
2 35752  55.5041  64.3658 0056441  70.3540 316.6688  2.00553175104657
COSMOS 2456             
1 36111U 09070A   23331.56253369 -.00000008  00000+0  00000+0 0  9996
2 36111  64.5269 102.9138 0001697 305.5701 152.5048  2.13098987108555
COSMOS 2457             
1 36112U 09070B   23331.26421028 -.00000008  00000+0  00000+0 0  9993
2 36112  64.5108 102.7875 0006265 155.1360 205.5264  2.13101165108552
COSMOS 2460             
1 36402U 10007C   23331.51170003 -.00000062  00000+0  00000+0 0  9999
2 36402  65.8607 345.8357 0002752 266.7281 273.1926  2.13106255106857
NAVSTAR 65 (USA 213)    
1 36585U 10022A   23331.35914913 -.00000003  00000+0  00000+0 0  9991
2 36585  54.5262 246.1948 0113113  60.0285 116.3091  2.00566258 98886
BEIDOU-2 IGSO-1         
1 36828U 10036A   23331.52141684 -.00000040  00000+0  00000+0 0  9993
2 36828  54.2366 171.4036 0038061 190.8060 359.4392  1.00286154 48856
QZS-1 (MICHIBIKI-1)     
1 37158U 10045A   23329.93469427  .00000049  00000+0  00000+0 0  9998
2 37158  42.9846 126.7374 0004093 121.7902 240.3825  0.87715000 48203
BEIDOU-2 G4             
1 37210U 10057A   23331.55921444 -.00000104  00000+0  00000+0 0  9996
2 37210   1.3681  64.3414 0008215 180.3330 182.8322  1.00270597 47941
BEIDOU-2 IGSO-2         
1 37256U 10068A   23331.30743795 -.00000224  00000+0  00000+0 0  9995
2 37256  49.2587 283.2891 0030133 213.6794 146.2892  1.00256445 47443
BEIDOU-2 IGSO-3         
1 37384U 11013A   23331.17673991 -.00000210  00000+0  00000+0 0  9998
2 37384  61.0582  49.0817 0027525 181.8765   4.9322  1.00260266 46301
GSAT-8                  
1 37605U 11022A   23331.38313359  .00000094  00000+0  00000+0 0  9995
2 37605   0.0025  36.0174 0009039 222.2879   0.7636  1.00273523 43860
NAVSTAR 66 (USA 232)    
1 37753U 11036A   23331.48609956 -.00000094  00000+0  00000+0 0  9997
2 37753  56.7534   8.2044 0127507  56.7524 296.7820  2.00523239 90566
BEIDOU-2 IGSO-4         
1 37763U 11038A   23331.55508784  .00000037  00000+0  00000+0 0  9991
2 37763  54.5094 173.9611 0112460 227.0495 318.0993  1.00257243 45293
GSAT0101 (GALILEO-PFM)  
1 37846U 11060A   23330.00520857 -.00000092  00000+0  00000+0 0  9994
2 37846  57.1181   7.0599 0002238 304.6502  55.3894  1.70475783 75196
GSAT0102 (GALILEO-FM2)  
1 37847U 11060B   23329.34309536 -.00000091  00000+0  00000+0 0  9998
2 37847  57.1178   7.0779 0003832 301.6048  58.1852  1.70475162 75181
COSMOS 2476             
1 37867U 11064A   23329.64912491  .00000006  00000+0  00000+0 0  9992
2 37867  64.8043 104.5379 0022194 231.0364 109.1819  2.13101599 93848
COSMOS 2477             
1 37868U 11064B   23331.31638378 -.00000005  00000+0  00000+0 0  9999
2 37868  64.8121 104.5517 0019424 231.3125 125.8066  2.13101452 93870
COSMOS 2475             
1 37869U 11064C   23331.55028186 -.00000005  00000+0  00000+0 0  9996
2 37869  64.8193 104.5568 0023487 248.8538 246.2658  2.13101690 93892
BEIDOU-2 IGSO-5         
1 37948U 11073A   23331.20563571 -.00000163  00000+0  00000+0 0  9993
2 37948  49.3845 282.9623 0093182 221.0967  88.3170  1.00253849 43778
LUCH-5A                 
1 37951U 11074B   23331.56060681 -.00000040  00000+0  00000+0 0  9995
2 37951   6.3618  88.2738 0003706 148.9611 197.8627  1.00268233 43690
BEIDOU-2 G5             
1 38091U 12008A   23331.53911220  .00000066  00000+0  00000+0 0  9997
2 38091   1.9125  69.7002 0008596 200.1881  49.2139  1.00266400 43018
BEIDOU-2 M3             
1 38250U 12018A   23330.96347785 -.00000091  00000+0  00000+0 0  9999
2 38250  56.4657 336.0978 0025477 261.8440  97.8867  1.86231169 78567
BEIDOU-2 M4             
1 38251U 12018B   23330.35761133 -.00000089  00000+0  00000+0 0  9997
2 38251  56.3756 335.4047 0016403 264.2603  95.5736  1.86231892 78556
SES-5                   
1 38652U 12036A   23331.52823435  .00000043  00000+0  00000+0 0  9995
2 38652   0.0384 308.9340 0002240 296.1956  16.2078  1.00272229 35135
BEIDOU-2 M6             
1 38775U 12050B   23330.60418586 -.00000035  00000+0  00000+0 0  9994
2 38775  55.7559  93.9774 0010714 334.6294  25.2790  1.86231046 75920
GSAT-10                 
1 38779U 12051B   23331.32896872 -.00000156  00000+0  00000+0 0  9991
2 38779   0.0433 269.7077 0004993 345.7223  12.0113  1.00271966 40762
NAVSTAR 67 (USA 239)    
1 38833U 12053A   23330.97639357  .00000079  00000+0  00000+0 0  9990
2 38833  53.5108 181.7739 0147121  53.7014 307.7373  2.00568541 80729
GSAT0103 (GALILEO-FM3)  
1 38857U 12055A   23330.63081532  .00000042  00000+0  00000+0 0  9997
2 38857  55.3194 127.2020 0002353 237.3303 122.6247  1.70473540 69097
GSAT0104 (GALILEO-FM4)  
1 38858U 12055B   23329.42700196  .00000053  00000+0  00000+0 0  9999
2 38858  55.3190 127.2368 0001564 156.1975 203.7969  1.70473733 69079
BEIDOU-2 G6             
1 38953U 12059A   23331.62595147 -.00000166  00000+0  00000+0 0  9998
2 38953   2.0428  81.6449 0007788 287.1648   6.8133  1.00269574 40553
LUCH-5B                 
1 38977U 12061A   23331.03608351 -.00000131  00000+0  00000+0 0  9996
2 38977   8.4424  58.4399 0005057 157.7375 206.1728  1.00271269 40264
COSMOS 2485             
1 39155U 13019A   23331.49379712 -.00000004  00000+0  00000+0 0  9994
2 39155  64.9645 105.0168 0022733 227.2678 132.5101  2.13101706 82409
NAVSTAR 68 (USA 242)    
1 39166U 13023A   23330.84071363 -.00000074  00000+0  00000+0 0  9997
2 39166  55.2896 306.7640 0117361  41.5925 319.2787  2.00564111 77161
IRNSS-1A                
1 39199U 13034A   23330.89347742  .00000069  00000+0  00000+0 0  9990
2 39199  33.6165  77.4560 0022341 182.9318 181.9568  1.00279481 38292
NAVSTAR 69 (USA 248)    
1 39533U 14008A   23330.84286560  .00000078  00000+0  00000+0 0  9999
2 39533  53.5961 187.3489 0067217 215.2135 144.4319  2.00556405 70961
ASTRA 5B                
1 39617U 14011B   23331.53206336  .00000147  00000+0  00000+0 0  9993
2 39617   0.0415 334.8793 0004677 285.4405  20.9288  1.00273250 35318
COSMOS 2492             
1 39620U 14012A   23331.44936414 -.00000062  00000+0  00000+0 0  9992
2 39620  65.7438 345.4441 0014369 311.6235  48.2946  2.13103120 75361
IRNSS-1B                
1 39635U 14017A   23317.92725828  .00000109  00000+0  00000+0 0  9996
2 39635  28.5653 256.4782 0018083 187.2848 358.0237  1.00278334 35306
LUCH-5V                 
1 39727U 14023A   23331.60161666 -.00000261  00000+0  00000+0 0  9990
2 39727   2.7901  76.9898 0004525 188.8813 111.7228  1.00270496 35008
NAVSTAR 70 (USA 251)    
1 39741U 14026A   23331.12570079 -.00000093  00000+0  00000+0 0  9991
2 39741  56.7044   7.7401 0032141 309.7752  49.9994  2.00551272 69828
COSMOS 2500             
1 40001U 14032A   23330.69302608 -.00000059  00000+0  00000+0 0  9993
2 40001  65.6820 345.2905 0008302 220.5154 139.4660  2.13105883 73565
NAVSTAR 71 (USA 256)    
1 40105U 14045A   23329.71291797  .00000045  00000+0  00000+0 0  9993
2 40105  54.8469 125.7800 0027571 115.8013 244.4747  2.00552175 67330
GSAT0201 (GALILEO 5)    
1 40128U 14050A   23328.73109216 -.00000097  00000+0  00000+0 0  9997
2 40128  49.8617 311.3090 1606327 143.4472 228.6881  1.85519466 60960
GSAT0202 (GALILEO 6)    
1 40129U 14050B   23331.14614994 -.00000101  00000+0  00000+0 0  9997
2 40129  49.8781 310.2854 1604405 144.3468 227.5316  1.85520329 63176
IRNSS-1C                
1 40269U 14061A   23331.59723700 -.00000152  00000+0  00000+0 0  9995
2 40269   4.1691 110.1966 0017965   6.4236 247.6939  1.00269863 33334
NAVSTAR 72 (USA 258)    
1 40294U 14068A   23330.58076534 -.00000075  00000+0  00000+0 0  9998
2 40294  56.2483  67.1997 0048637  62.6398 297.8501  2.00577244 66487
COSMOS 2501             
1 40315U 14075A   23331.41329436  .00000043  00000+0  00000+0 0  9999
2 40315  63.6306 222.7325 0018413 206.3348 153.6497  2.13101232 69976
NAVSTAR 73 (USA 260)    
1 40534U 15013A   23331.22374851  .00000001  00000+0  00000+0 0  9999
2 40534  53.4244 242.8148 0084834  27.3091 333.1782  2.00549379 63115
GSAT0203 (GALILEO 7)    
1 40544U 15017A   23331.54421717 -.00000095  00000+0  00000+0 0  9997
2 40544  56.9125   6.9795 0005485 257.0881 102.9095  1.70476086 53302
GSAT0204 (GALILEO 8)    
1 40545U 15017B   23331.21151799 -.00000094  00000+0  00000+0 0  9991
2 40545  56.9187   7.0034 0004895 242.8060 117.2034  1.70475632 16345
IRNSS-1D                
1 40547U 15018A   23330.72132593 -.00000287  00000+0  00000+0 0  9994
2 40547  27.9015 256.2203 0017420 183.0442 357.6458  1.00275103 31889
BEIDOU-3S IGSO-1S       
1 40549U 15019A   23331.40283456 -.00000185  00000+0  00000+0 0  9995
2 40549  50.9497 306.5808 0036713 195.9739 161.5617  1.00293603 31714
NAVSTAR 74 (USA 262)    
1 40730U 15033A   23331.38556988 -.00000073  00000+0  00000+0 0  9999
2 40730  54.7760 305.3157 0089276  14.6500 345.5887  2.00550596 61286
BEIDOU-3S M2S           
1 40748U 15037A   23330.55958131 -.00000091  00000+0  00000+0 0  9996
2 40748  55.6136 333.9458 0012930 255.1022 104.7722  1.86233126 56734
BEIDOU-3S M1S           
1 40749U 15037B   23331.36673496 -.00000093  00000+0  00000+0 0  9997
2 40749  55.6163 333.9051 0006294 305.2234  54.7328  1.86232914 56754
GSAT0205 (GALILEO 9)    
1 40889U 15045A   23330.39320127 -.00000016  00000+0  00000+0 0  9998
2 40889  55.3191 247.4036 0004874  11.8807 348.1585  1.70472934 51095
GSAT0206 (GALILEO 10)   
1 40890U 15045B   23331.20049658 -.00000013  00000+0  00000+0 0  9995
2 40890  55.3167 247.3769 0003546  13.4808 346.5624  1.70472897 51135
BEIDOU-3S IGSO-2S       
1 40938U 15053A   23331.16834407 -.00000161  00000+0  00000+0 0  9990
2 40938  50.6795 269.7728 0046669 193.6632 118.7146  1.00263650 29990
NAVSTAR 75 (USA 265)    
1 41019U 15062A   23330.93611216 -.00000075  00000+0  00000+0 0  9990
2 41019  56.2315  67.0373 0092884 222.4327 136.8454  2.00562180 59119
GSAT-15                 
1 41028U 15065A   23331.60193926 -.00000248  00000+0  00000+0 0  9993
2 41028   0.0498 118.1686 0002840 112.0779 146.2177  1.00269930 29447
GSAT0209 (GALILEO 12)   
1 41174U 15079A   23331.37138761  .00000037  00000+0  00000+0 0  9995
2 41174  55.3381 126.8893 0001664 338.9030  21.0625  1.70474433 48870
GSAT0208 (GALILEO 11)   
1 41175U 15079B   23330.41788884  .00000044  00000+0  00000+0 0  9995
2 41175  55.3347 126.9133 0001160 354.3167   5.6607  1.70474299 49278
IRNSS-1E                
1 41241U 16003A   23330.72132593 -.00000302  00000+0  00000+0 0  9999
2 41241  31.1704  76.5400 0022660 182.6710 177.6319  1.00268886 28725
NAVSTAR 76 (USA 266)    
1 41328U 16007A   23331.52131062  .00000025  00000+0  00000+0 0  9999
2 41328  55.0494 126.5051 0073601 233.8602 125.4390  2.00571676 57132
COSMOS 2514             
1 41330U 16008A   23331.39475382 -.00000063  00000+0  00000+0 0  9997
2 41330  65.4783 344.8271 0012300 222.1134 137.8320  2.13102587 60746
IRNSS-1F                
1 41384U 16015A   23331.53380382  .00000169  00000+0  00000+0 0  9991
2 41384   3.1111 125.9180 0020805 179.9318 344.9662  1.00276120 28315
BEIDOU-2 IGSO-6         
1 41434U 16021A   23331.16258251 -.00000187  00000+0  00000+0 0  9993
2 41434  58.8746  47.4124 0049589 221.9539 310.9068  1.00266243 28128
IRNSS-1G                
1 41469U 16027A   23331.58341027 -.00000323  00000+0  00000+0 0  9999
2 41469   2.9979 127.4144 0001699 255.2560  23.1087  1.00275597 27821
GSAT0211 (GALILEO 14)   
1 41549U 16030A   23331.12619116 -.00000013  00000+0  00000+0 0  9995
2 41549  55.4647 247.3684 0004056 344.9651  15.0559  1.70472955 46765
GSAT0210 (GALILEO 13)   
1 41550U 16030B   23329.65780121 -.00000020  00000+0  00000+0 0  9995
2 41550  55.4648 247.4099 0002839 310.7434  49.2547  1.70473260 46739
COSMOS 2516             
1 41554U 16032A   23326.34558224  .00000004  00000+0  00000+0 0  9992
2 41554  63.8574 223.3320 0014911 212.2925 147.6729  2.13106349 58242
BEIDOU-2 G7             
1 41586U 16037A   23331.61064024 -.00000345  00000+0  00000+0 0  9997
2 41586   1.4260  65.7937 0008580 314.6772  16.1579  1.00275475 27433
EUTELSAT 117 WEST B     
1 41589U 16038B   23331.50404203 -.00000002  00000+0  00000+0 0  9996
2 41589   0.0081 165.5865 0000180 301.1964  23.8448  1.00270039 27311
GSAT0207 (GALILEO 15)   
1 41859U 16069A   23330.49201971  .00000043  00000+0  00000+0 0  9998
2 41859  55.0012 126.9649 0001623 299.6432  60.3190  1.70474355 43480
GSAT0212 (GALILEO 16)   
1 41860U 16069B   23329.17343031  .00000055  00000+0  00000+0 0  9990
2 41860  54.9974 126.9984 0001407  33.9735 326.0242  1.70474539 43714
GSAT0213 (GALILEO 17)   
1 41861U 16069C   23331.29987289  .00000037  00000+0  00000+0 0  9996
2 41861  55.0008 126.9456 0002079 249.6818 110.2689  1.70473246 43614
GSAT0214 (GALILEO 18)   
1 41862U 16069D   23328.51412491  .00000061  00000+0  00000+0 0  9993
2 41862  54.9987 127.0167 0001142 236.5585 123.4245  1.70474638 43694
SES-15                  
1 42709U 17026A   23331.42998566  .00000070  00000+0  00000+0 0  9994
2 42709   0.0363  44.7168 0000570 205.8005 201.2085  1.00267921 24796
QZS-2 (MICHIBIKI-2)     
1 42738U 17028A   23331.12690192 -.00000207  00000+0  00000+0 0  9992
2 42738  40.9078 256.6696 0761943 269.2406  85.5081  1.00290192 23784
QZS-3 (MICHIBIKI-3)     
1 42917U 17048A   23331.61814315 -.00000338  00000+0  00000+0 0  9997
2 42917   0.0623 210.0778 0002347  46.1917 159.5506  1.00274694 22902
COSMOS 2522             
1 42939U 17055A   23331.23624984  .00000041  00000+0  00000+0 0  9998
2 42939  64.0913 223.7128 0006511 238.5020 121.5106  2.13101943 48091
QZS-4 (MICHIBIKI-4)     
1 42965U 17062A   23331.41284219 -.00000354  00000+0  00000+0 0  9996
2 42965  40.6020 355.3719 0751549 271.0475  85.8665  1.00257179 22464
BEIDOU-3 M1             
1 43001U 17069A   23329.83348585 -.00000030  00000+0  00000+0 0  9996
2 43001  55.9066  94.0726 0008000 291.0259  68.8511  1.86231267 41207
BEIDOU-3 M2             
1 43002U 17069B   23330.84426675 -.00000036  00000+0  00000+0 0  9993
2 43002  55.9066  94.0752 0005580 320.2206  39.6993  1.86231010 41211
GSAT0215 (GALILEO 19)   
1 43055U 17079A   23329.58943719 -.00000020  00000+0  00000+0 0  9997
2 43055  55.4420 247.2353 0002278 305.2270  54.7744  1.70473626 37055
GSAT0216 (GALILEO 20)   
1 43056U 17079B   23331.05448834 -.00000013  00000+0  00000+0 0  9993
2 43056  55.4415 247.1947 0003636 303.1773  56.8209  1.70473753 37096
GSAT0217 (GALILEO 21)   
1 43057U 17079C   23330.10169153 -.00000017  00000+0  00000+0 0  9997
2 43057  55.4402 247.2201 0003653 318.2787  41.7196  1.70473686 37068
GSAT0218 (GALILEO 22)   
1 43058U 17079D   23329.73514350 -.00000019  00000+0  00000+0 0  9990
2 43058  55.4407 247.2276 0004027 294.1842  65.7974  1.70473699 37082
BEIDOU-3 M7             
1 43107U 18003A   23331.13170373 -.00000094  00000+0  00000+0 0  9996
2 43107  55.0702 334.6064 0002626  52.4381 307.6026  1.86232385 39971
BEIDOU-3 M8             
1 43108U 18003B   23331.07049285 -.00000094  00000+0  00000+0 0  9997
2 43108  55.0631 334.5950 0005032 261.8926  98.0671  1.86230859 39983
BEIDOU-3 M4             
1 43207U 18018A   23329.36456570 -.00000025  00000+0  00000+0 0  9995
2 43207  55.8651  94.1844 0003373   7.4273 352.5415  1.86231205 39338
BEIDOU-3 M3             
1 43208U 18018B   23328.89426550 -.00000019  00000+0  00000+0 0  9991
2 43208  55.8641  94.2046 0005521 304.1639  55.7496  1.86231258 39321
BEIDOU-3 M9             
1 43245U 18029A   23329.65374609 -.00000088  00000+0  00000+0 0  9992
2 43245  54.9621 332.3835 0002199 265.6698  94.3234  1.86232454 38491
BEIDOU-3 M10            
1 43246U 18029B   23330.65754658 -.00000092  00000+0  00000+0 0  9996
2 43246  54.9587 332.3776 0004005 339.4502  20.5484  1.86232750 38496
IRNSS-1I                
1 43286U 18035A   23330.89373848  .00000090  00000+0  00000+0 0  9998
2 43286  29.0449  88.8637 0021957 178.5894 174.8608  1.00275576 20716
COSMOS 2527             
1 43508U 18053A   23330.72556285 -.00000001  00000+0  00000+0 0  9998
2 43508  65.1249 105.1527 0008273 217.1114 142.8013  2.13102329 42386
BEIDOU-2 IGSO-7         
1 43539U 18057A   23331.47802222 -.00000043  00000+0  00000+0 0  9990
2 43539  55.1209 171.1200 0063771 229.1071 310.3727  1.00257717 19795
GSAT0221 (GALILEO 25)   
1 43564U 18060A   23330.80798354 -.00000093  00000+0  00000+0 0  9993
2 43564  57.2929   6.9489 0005469 269.6502  90.3473  1.70475965 33251
GSAT0222 (GALILEO 26)   
1 43565U 18060B   23328.09325777 -.00000088  00000+0  00000+0 0  9991
2 43565  57.2960   7.0236 0005106 239.7158 120.2939  1.70475755 33259
GSAT0219 (GALILEO 23)   
1 43566U 18060C   23330.07523039 -.00000092  00000+0  00000+0 0  9999
2 43566  57.2955   6.9721 0004467 273.2720  86.7376  1.70475950 33267
GSAT0220 (GALILEO 24)   
1 43567U 18060D   23325.01643844 -.00000080  00000+0  00000+0 0  9992
2 43567  57.2950   7.1090 0004706 268.6163  91.3888  1.70475572 33169
BEIDOU-3 M5             
1 43581U 18062A   23329.26698517  .00000047  00000+0  00000+0 0  9990
2 43581  54.1597 214.1196 0002575 316.8467  43.2182  1.86231798 36220
BEIDOU-3 M6             
1 43582U 18062B   23331.28165521  .00000052  00000+0  00000+0 0  9996
2 43582  54.1590 214.0404 0006728  28.7479 331.3831  1.86229784 36269
BEIDOU-3 M12            
1 43602U 18067A   23331.21719239  .00000054  00000+0  00000+0 0  9990
2 43602  54.2474 212.7056 0008042  25.7783 334.3568  1.86231493 35740
BEIDOU-3 M11            
1 43603U 18067B   23331.35102843  .00000054  00000+0  00000+0 0  9993
2 43603  54.2445 212.6666 0004828  20.0919 340.0224  1.86231463 35775
BEIDOU-3 M13            
1 43622U 18072A   23330.77314068 -.00000036  00000+0  00000+0 0  9990
2 43622  55.8359  93.6751 0004952 281.5926  78.3130  1.86231172 35278
BEIDOU-3 M14            
1 43623U 18072B   23330.63859493 -.00000036  00000+0  00000+0 0  9992
2 43623  55.8377  93.6724 0002302 319.7910  40.1532  1.86231157 35268
BEIDOU-3 M16            
1 43647U 18078A   23331.33931856 -.00000094  00000+0  00000+0 0  9990
2 43647  54.8573 332.4413 0006740 358.5756   1.4352  1.86232235 34783
BEIDOU-3 M15            
1 43648U 18078B   23330.93144942 -.00000093  00000+0  00000+0 0  9997
2 43648  54.8533 332.4588 0003674 357.0553   2.9565  1.86232122 34793
BEIDOU-3 G1             
1 43683U 18085A   23331.58565397 -.00000268  00000+0  00000+0 0  9991
2 43683   1.7060 119.0451 0001450  19.4932 278.6399  1.00270774 18707
COSMOS 2529             
1 43687U 18086A   23331.29428494  .00000041  00000+0  00000+0 0  9998
2 43687  64.3067 224.1689 0008146 266.0230  93.9597  2.13102002 39405
BEIDOU-3 M17            
1 43706U 18093A   23331.07922839  .00000053  00000+0  00000+0 0  9999
2 43706  54.2421 213.9811 0007488 291.6989  68.3148  1.86231970 34167
BEIDOU-3 M18            
1 43707U 18093B   23330.94616053  .00000053  00000+0  00000+0 0  9993
2 43707  54.2429 213.9774 0006866 327.5202  32.5306  1.86229799 34154
NAVSTAR 77 (USA 289)    
1 43873U 18109A   23331.17067435  .00000033  00000+0  00000+0 0  9993
2 43873  55.2244 129.0515 0027479 190.0746 170.9318  2.00571510 36366
BEIDOU-3 IGSO-1         
1 44204U 19023A   23330.68964422 -.00000245  00000+0  00000+0 0  9991
2 44204  57.3420  47.3656 0024234 200.9796 183.1505  1.00257383 16982
BEIDOU-2 G8             
1 44231U 19027A   23331.62183244 -.00000238  00000+0  00000+0 0  9997
2 44231   1.4505  71.6926 0004902 166.7393 196.2583  1.00273968 16739
COSMOS 2534             
1 44299U 19030A   23331.35549418  .00000041  00000+0  00000+0 0  9995
2 44299  64.3795 224.1011 0010754 289.4251 251.7389  2.13101868 35040
BEIDOU-3 IGSO-2         
1 44337U 19035A   23330.84817301 -.00000043  00000+0  00000+0 0  9998
2 44337  55.1574 167.0556 0033152 194.2762 125.6043  1.00248413 16309
NAVSTAR 78 (USA 293)    
1 44506U 19056A   23330.81414500 -.00000095  00000+0  00000+0 0  9997
2 44506  55.8312   8.1344 0038678 189.5520 172.0250  2.00567249 31351
BEIDOU-3 M24            
1 44542U 19061A   23331.01718888  .00000053  00000+0  00000+0 0  9995
2 44542  54.4694 214.2297 0008789   3.6970 356.4026  1.86231474 28414
BEIDOU-3 M23            
1 44543U 19061B   23331.42041316  .00000052  00000+0  00000+0 0  9995
2 44543  54.4678 214.1851 0005561 358.8778 183.5532  1.86231798 28429
BEIDOU-3 IGSO-3         
1 44709U 19073A   23330.29917836 -.00000220  00000+0  00000+0 0  9993
2 44709  56.3993 290.8790 0033982 190.4982 169.3504  1.00256723 15093
BEIDOU-3 M22            
1 44793U 19078A   23326.56691553 -.00000067  00000+0  00000+0 0  9990
2 44793  54.7085 332.5633 0005508   3.6085 356.4238  1.86231971 27180
BEIDOU-3 M21            
1 44794U 19078B   23328.30812129 -.00000080  00000+0  00000+0 0  9994
2 44794  54.6812 332.4836 0003795 348.3025  11.7121  1.86232476 27229
COSMOS 2544             
1 44850U 19088A   23330.66938098 -.00000001  00000+0  00000+0 0  9997
2 44850  65.1114 104.9956 0012070 248.3208 111.5206  2.13102120 30823
BEIDOU-3 M19            
1 44864U 19090A   23330.72282360 -.00000036  00000+0  00000+0 0  9994
2 44864  55.7704  93.8587 0016279 272.4701 100.0495  1.86231574 26851
BEIDOU-3 M20            
1 44865U 19090B   23330.55050139 -.00000035  00000+0  00000+0 0  9992
2 44865  55.7718  93.8975 0013779 286.1737  60.5856  1.86231522 26822
BEIDOU-3 G2             
1 45344U 20017A   23331.62542887 -.00000133  00000+0  00000+0 0  9990
2 45344   2.1084  20.5837 0003570 224.1016 126.7842  1.00271764 13904
COSMOS 2545             
1 45358U 20018A   23331.33558597 -.00000064  00000+0  00000+0 0  9992
2 45358  64.8185 345.0057 0011958 250.2110 109.7001  2.13102551 28781
BEIDOU-3 G3             
1 45807U 20040A   23331.61073273 -.00000345  00000+0  00000+0 0  9992
2 45807   0.5796   3.2465 0009886 306.3650  87.1075  1.00269743 12729
NAVSTAR 79 (USA 304)    
1 45854U 20041A   23331.40681032 -.00000076  00000+0  00000+0 0  9991
2 45854  55.9536  65.4082 0039058 189.7358 182.0932  2.00561330 25330
GALAXY 30 (G-30)        
1 46114U 20056C   23331.50247562  .00000047  00000+0  00000+0 0  9991
2 46114   0.0173 325.7119 0002323 273.0262 243.3366  1.00269466 11945
COSMOS 2547             
1 46805U 20075A   23331.52427934  .00000042  00000+0  00000+0 0  9999
2 46805  64.6073 223.6765 0006232 240.3367 119.6785  2.13102807 24030
NAVSTAR 80 (USA 309)    
1 46826U 20078A   23331.18700012 -.00000008  00000+0  00000+0 0  9991
2 46826  54.2695 248.6588 0037631 194.1897 355.0522  2.00562583 22792
NAVSTAR 81 (USA 319)    
1 48859U 21054A   23331.30507741 -.00000097  00000+0  00000+0 0  9990
2 48859  55.3508   9.8609 0014268 221.0232 237.8023  2.00568952 18042
QZS-1R                  
1 49336U 21096A   23331.21993876 -.00000262  00000+0  00000+0 0  9999
2 49336  35.5302  93.6319 0751463 270.7796 275.4121  1.00263865  7651
GSAT0223 (GALILEO 27)   
1 49809U 21116A   23330.14488045 -.00000092  00000+0  00000+0 0  9996
2 49809  57.2874   6.8654 0003354 221.0117 136.7624  1.70475949 12258
GSAT0224 (GALILEO 28)   
1 49810U 21116B   23324.68243855 -.00000079  00000+0  00000+0 0  9993
2 49810  57.2864   7.0119 0002393 209.0927 148.7555  1.70475766 12180
COSMOS 2557             
1 52984U 22075A   23330.74874754 -.00000062  00000+0  00000+0 0  9998
2 52984  64.7381 347.1766 0014018 278.3293  81.5568  2.13102025 10821
COSMOS 2559             
1 54031U 22130A   23330.69100915 -.00000062  00000+0  00000+0 0  9990
2 54031  64.7096 347.3034 0007947 232.7681 127.2048  2.13101322  8790
COSMOS 2564             
1 54377U 22161A   23331.35299638  .00000042  00000+0  00000+0 0  9999
2 54377  64.7480 223.7504 0008052 215.6310 144.3917  2.13102165  7752
NAVSTAR 82 (USA 343)    
1 55268U 23009A   23331.37966094  .00000076  00000+0  00000+0 0  9997
2 55268  55.0842 185.1191 0005630  89.8204  99.0863  2.00549589  6534
BEIDOU-3 G4             
1 56564U 23066A   23331.55921444 -.00000102  00000+0  00000+0 0  9991
2 56564   2.6321 288.4984 0004628 238.0276 260.9389  1.00273398  2049
IRNSS-1J (NVS-01)       
1 56759U 23076A   23331.58198013 -.00000324  00000+0  00000+0 0  9995
2 56759   4.5214 270.4486 0008069 346.6731 148.2130  1.00273759  1761
