NAVSTAR 43 (USA 132)    
1 24876U 97035A   23182.78110591  .00000038  00000+0  00000+0 0  9998
2 24876  55.5770 140.8664 0069447  51.0372 309.5417  2.00563923190060
NAVSTAR 47 (USA 150)    
1 26360U 00025A   23182.67129562 -.00000049  00000+0  00000+0 0  9990
2 26360  54.3756  63.2536 0041001 198.0848 170.0328  2.00575194169570
NAVSTAR 51 (USA 166)    
1 27663U 03005A   23183.91439334  .00000040  00000+0  00000+0 0  9997
2 27663  55.2765 257.9358 0131241  44.5793 122.1046  2.00569607149633
NAVSTAR 52 (USA 168)    
1 27704U 03010A   23184.90433029 -.00000072  00000+0  00000+0 0  9990
2 27704  55.1115   7.8881 0248183 317.2990  61.4228  2.00571887148452
NAVSTAR 54 (USA 177)    
1 28190U 04009A   23184.46620505 -.00000059  00000+0  00000+0 0  9992
2 28190  55.7412 318.9658 0093082 135.2497 226.4409  2.00568861141323
NAVSTAR 56 (USA 180)    
1 28474U 04045A   23183.92026106 -.00000067  00000+0  00000+0 0  9993
2 28474  55.4382   8.2280 0161232 281.0592  99.4853  2.00577658136756
ANIK F1R                
1 28868U 05036A   23184.45081101 -.00000067  00000+0  00000+0 0  9996
2 28868   1.5291  89.8189 0003291   7.3530 239.0233  1.00270605 65338
NAVSTAR 57 (USA 183)    
1 28874U 05038A   23185.12209204 -.00000057  00000+0  00000+0 0  9995
2 28874  55.7934 316.3899 0137365 279.3032 215.7084  2.00550177130181
INMARSAT 4-F2           
1 28899U 05044A   23185.00321326  .00000013  00000+0  00000+0 0  9997
2 28899   3.8218  40.4714 0003155  68.9757 237.3509  1.00273027 64670
NAVSTAR 58 (USA 190)    
1 29486U 06042A   23183.59723569  .00000100  00000+0  00000+0 0  9993
2 29486  54.6878 194.1820 0102100  30.2934 345.9484  2.00573641122874
NAVSTAR 59 (USA 192)    
1 29601U 06052A   23184.49241731  .00000040  00000+0  00000+0 0  9992
2 29601  55.2951 256.8685 0084835  78.9481 282.0897  2.00574236121797
NAVSTAR 60 (USA 196)    
1 32260U 07047A   23182.80609241  .00000008  00000+0  00000+0 0  9993
2 32260  53.4414 124.8170 0148535  69.0208 292.5254  2.00554790115143
COSMOS 2433             
1 32275U 07052A   23184.15180156 -.00000046  00000+0  00000+0 0  9997
2 32275  66.0379 352.0321 0001524 185.5237 174.4854  2.13104030122081
COSMOS 2432             
1 32276U 07052B   23183.67687582 -.00000045  00000+0  00000+0 0  9998
2 32276  66.0523 352.1553 0008323 338.7794 324.1441  2.13103246122067
NAVSTAR 61 (USA 199)    
1 32384U 07062A   23183.85789494 -.00000058  00000+0  00000+0 0  9998
2 32384  55.9247 317.2517 0024716 144.7775  24.4425  2.00555308113908
COSMOS 2434             
1 32393U 07065A   23184.85075331  .00000087  00000+0  00000+0 0  9991
2 32393  64.3384 228.4315 0000531 137.9914 289.1804  2.13103108120800
COSMOS 2436             
1 32395U 07065C   23183.87871800  .00000096  00000+0  00000+0 0  9999
2 32395  64.3470 228.5256 0015254 352.8199 184.2121  2.13102937120710
NAVSTAR 62 (USA 201)    
1 32711U 08012A   23182.72130221  .00000108  00000+0  00000+0 0  9996
2 32711  54.4545 193.0628 0176396 235.2233 123.1487  2.00555603112066
NAVSTAR 64 (USA 206)    
1 35752U 09043A   23183.44774741 -.00000042  00000+0  00000+0 0  9998
2 35752  55.3780  70.2726 0058183  66.3885 114.4233  2.00561501101669
COSMOS 2456             
1 36111U 09070A   23184.94092902  .00000003  00000+0  00000+0 0  9992
2 36111  64.4686 107.9502 0004572 314.2778 342.1639  2.13099155105461
COSMOS 2457             
1 36112U 09070B   23184.55020361  .00000001  00000+0  00000+0 0  9998
2 36112  64.4523 107.8304 0003692 169.5833 317.4064  2.13101312105462
COSMOS 2460             
1 36402U 10007C   23184.68360427 -.00000049  00000+0  00000+0 0  9999
2 36402  65.9017 350.7404 0002373  93.6781 123.3350  2.13106228103812
NAVSTAR 65 (USA 213)    
1 36585U 10022A   23183.04419328  .00000050  00000+0  00000+0 0  9993
2 36585  54.5922 252.1859 0108577  59.7102 305.8419  2.00558608 95907
BEIDOU-2 IGSO-1         
1 36828U 10036A   23184.33616206 -.00000074  00000+0  00000+0 0  9992
2 36828  54.2373 172.7457 0037862 192.3916 145.8103  1.00286858 47396
QZS-1 (MICHIBIKI-1)     
1 37158U 10045A   23184.16000007 -.00000136  00000+0  00000+0 0  9995
2 37158  42.7506 128.1601 0765993 270.6735  79.3961  1.00259803 46887
BEIDOU-2 G4             
1 37210U 10057A   23185.03900300 -.00000107  00000+0  00000+0 0  9997
2 37210   1.0454  57.4266 0003138 135.8160 262.6283  1.00270647 46464
BEIDOU-2 IGSO-2         
1 37256U 10068A   23184.87228233 -.00000184  00000+0  00000+0 0  9993
2 37256  49.5226 285.0667 0028396 203.4214 211.4314  1.00246240 45960
BEIDOU-2 IGSO-3         
1 37384U 11013A   23184.48063941 -.00000177  00000+0  00000+0 0  9998
2 37384  60.8447  50.5065 0026239 174.5809 334.1619  1.00297273 44841
GSAT-8                  
1 37605U 11022A   23184.70686128  .00000091  00000+0  00000+0 0  9991
2 37605   0.0246  97.8792 0001917 186.2045 306.9394  1.00272974 44410
NAVSTAR 66 (USA 232)    
1 37753U 11036A   23184.68494387 -.00000065  00000+0  00000+0 0  9993
2 37753  56.7319  13.8936 0127312  55.5645 139.4824  2.00567913 87610
BEIDOU-2 IGSO-4         
1 37763U 11038A   23184.93762859  .00000038  00000+0  00000+0 0  9995
2 37763  54.5100 175.2693 0111967 228.5459 309.4676  1.00286576 43812
GSAT0101 (GALILEO-PFM)  
1 37846U 11060A   23182.18597315 -.00000063  00000+0  00000+0 0  9999
2 37846  57.0985  11.0602 0003681  55.1722 304.9036  1.70475944 72807
GSAT0102 (GALILEO-FM2)  
1 37847U 11060B   23179.47353619 -.00000064  00000+0  00000+0 0  9996
2 37847  57.0985  11.1335 0003123  19.0543 162.7591  1.70475440 72754
COSMOS 2476             
1 37867U 11064A   23184.42569288  .00000002  00000+0  00000+0 0  9995
2 37867  64.7498 109.4712 0022401 238.6815 291.2808  2.13101670 90805
COSMOS 2477             
1 37868U 11064B   23183.97576905  .00000000  00000+0  00000+0 0  9997
2 37868  64.7570 109.5553 0019682 239.9820 122.7207  2.13101587 90750
COSMOS 2475             
1 37869U 11064C   23183.99033733  .00000000  00000+0  00000+0 0  9997
2 37869  64.7643 109.5664 0024415 255.8229  76.4464  2.13101977 90758
BEIDOU-2 IGSO-5         
1 37948U 11073A   23184.65890391 -.00000148  00000+0  00000+0 0  9994
2 37948  49.6465 284.7311 0093142 219.2991 109.4180  1.00286822 42575
LUCH-5A                 
1 37951U 11074B   23184.53763330 -.00000045  00000+0  00000+0 0  9994
2 37951   5.9851  90.7812 0005715  16.4970 174.6828  1.00267951 42369
BEIDOU-2 G5             
1 38091U 12008A   23184.01160705  .00000066  00000+0  00000+0 0  9990
2 38091   1.5644  67.1564 0001886 292.5674 343.9327  1.00274474 41645
BEIDOU-2 M3             
1 38250U 12018A   23184.91140825 -.00000076  00000+0  00000+0 0  9990
2 38250  56.5457 340.9417 0020912 256.1436 103.6181  1.86231041 76189
BEIDOU-2 M4             
1 38251U 12018B   23183.76919987 -.00000074  00000+0  00000+0 0  9994
2 38251  56.4577 340.2771 0011661 257.2385 102.6268  1.86231754 76168
SES-5                   
1 38652U 12036A   23184.63311538  .00000041  00000+0  00000+0 0  9997
2 38652   0.0506 300.8652 0002218 156.3205  57.1048  1.00272242 40241
BEIDOU-2 M6             
1 38775U 12050B   23184.55318840 -.00000019  00000+0  00000+0 0  9999
2 38775  55.6465  98.8749 0013871 333.0064  26.9283  1.86231160 73555
GSAT-10                 
1 38779U 12051B   23184.66742186 -.00000158  00000+0  00000+0 0  9994
2 38779   0.0366 109.1347 0000356 320.0181 175.5785  1.00270330 39461
NAVSTAR 67 (USA 239)    
1 38833U 12053A   23184.39771302  .00000085  00000+0  00000+0 0  9997
2 38833  53.5149 187.7641 0138309  50.9280 310.3176  2.00566161 78672
GSAT0103 (GALILEO-FM3)  
1 38857U 12055A   23184.57112037  .00000018  00000+0  00000+0 0  9995
2 38857  55.2629 131.2193 0004962 274.3962  85.4960  1.70473565 66749
GSAT0104 (GALILEO-FM4)  
1 38858U 12055B   23183.36750140  .00000023  00000+0  00000+0 0  9991
2 38858  55.2624 131.2538 0002458 278.5500  81.3709  1.70473835 66690
BEIDOU-2 G6             
1 38953U 12059A   23184.00372000 -.00000166  00000+0  00000+0 0  9997
2 38953   1.8725  82.3637 0010005 322.5230 321.2396  1.00269090 39213
LUCH-5B                 
1 38977U 12061A   23184.05604891 -.00000132  00000+0  00000+0 0  9990
2 38977   8.1177  59.6635 0005542  69.3274 155.7263  1.00271584 39347
COSMOS 2485             
1 39155U 13019A   23184.61529485  .00000004  00000+0  00000+0 0  9997
2 39155  64.9107 109.9750 0022751 234.6247 125.1623  2.13101857 79271
NAVSTAR 68 (USA 242)    
1 39166U 13023A   23184.25845419 -.00000054  00000+0  00000+0 0  9998
2 39166  55.4100 312.6452 0114132  41.7188 319.1450  2.00564364 74213
IRNSS-1A                
1 39199U 13034A   23184.79840844  .00000059  00000+0  00000+0 0  9996
2 39199  33.2830  79.6272 0018979 180.6122   3.7056  1.00274135 36822
NAVSTAR 69 (USA 248)    
1 39533U 14008A   23183.75618926  .00000096  00000+0  00000+0 0  9990
2 39533  53.6024 193.3398 0066992 214.5793 145.0227  2.00574661 68561
ASTRA 5B                
1 39617U 14011B   23185.01615917  .00000160  00000+0  00000+0 0  9997
2 39617   0.0835 299.2923 0005051 187.0107 192.7715  1.00272102 34054
COSMOS 2492             
1 39620U 14012A   23184.10157791 -.00000047  00000+0  00000+0 0  9997
2 39620  65.7860 350.3873 0011130 330.2664  29.6789  2.13103080 72225
IRNSS-1B                
1 39635U 14017A   23184.78638564  .00000129  00000+0  00000+0 0  9994
2 39635  28.8245 258.7217 0021501 188.8845 172.1079  1.00273046 33961
LUCH-5V                 
1 39727U 14023A   23185.00931479 -.00000264  00000+0  00000+0 0  9991
2 39727   2.4221  77.5007 0002905  62.9406 239.3765  1.00267481551689
NAVSTAR 70 (USA 251)    
1 39741U 14026A   23184.03815995 -.00000063  00000+0  00000+0 0  9993
2 39741  56.6857  13.4414 0028617 313.7359  46.0670  2.00561662 66862
COSMOS 2500             
1 40001U 14032A   23184.28571162 -.00000048  00000+0  00000+0 0  9996
2 40001  65.7244 350.2135 0006246 182.4082 177.5970  2.13105920 70441
NAVSTAR 71 (USA 256)    
1 40105U 14045A   23184.12767221  .00000017  00000+0  00000+0 0  9996
2 40105  54.7953 131.5986 0022374 113.2376 246.9602  2.00573324 65308
GSAT0201 (GALILEO 5)    
1 40128U 14050A   23182.12457635 -.00000083  00000+0  00000+0 0  9994
2 40128  49.9949 317.1746 1611471 137.8808 235.7264  1.85518992 60188
GSAT0202 (GALILEO 6)    
1 40129U 14050B   23182.92318887 -.00000080  00000+0  00000+0 0  9995
2 40129  50.0143 316.2129 1609158 138.7238 234.6587  1.85519613 60399
IRNSS-1C                
1 40269U 14061A   23184.51967698 -.00000156  00000+0  00000+0 0  9993
2 40269   3.8181 114.6571 0020465   9.0319  67.6942  1.00270145 32007
NAVSTAR 72 (USA 258)    
1 40294U 14068A   23183.50559348 -.00000039  00000+0  00000+0 0  9995
2 40294  56.1216  72.9656 0047867  59.0520 301.4673  2.00567419 63513
COSMOS 2501             
1 40315U 14075A   23184.58063253  .00000090  00000+0  00000+0 0  9997
2 40315  63.6423 227.8484 0019888 210.2705 184.6635  2.13101550 66840
NAVSTAR 73 (USA 260)    
1 40534U 15013A   23183.63833557  .00000054  00000+0  00000+0 0  9990
2 40534  53.4907 248.9330 0078389  25.0085 335.4608  2.00558542 60578
GSAT0203 (GALILEO 7)    
1 40544U 15017A   23182.55210836 -.00000063  00000+0  00000+0 0  9995
2 40544  56.8943  11.0321 0001026 233.4580 126.5728  1.70475881 51420
GSAT0204 (GALILEO 8)    
1 40545U 15017B   23184.56531908 -.00000069  00000+0  00000+0 0  9991
2 40545  56.9006  10.9911 0001502 188.8078 171.2231  1.70475459 51460
IRNSS-1D                
1 40547U 15018A   23183.63660737 -.00000252  00000+0  00000+0 0  9998
2 40547  28.1969 258.7213 0022561 188.3660 174.2796  1.00268027 30413
BEIDOU-3S IGSO-1S       
1 40549U 15019A   23184.23557536 -.00000194  00000+0  00000+0 0  9995
2 40549  51.2164 308.3129 0039451 192.8284 321.2536  1.00269764 30252
NAVSTAR 74 (USA 262)    
1 40730U 15033A   23184.79657465 -.00000052  00000+0  00000+0 0  9999
2 40730  54.8992 311.2683 0084225  14.1231 346.1132  2.00558426 58364
BEIDOU-3S M2S           
1 40748U 15037A   23165.37596734 -.00000101  00000+0  00000+0 0  9991
2 40748  55.7522 339.5120 0055128 265.3702 271.7482  1.86107766 53652
BEIDOU-3S M1S           
1 40749U 15037B   23184.24256575 -.00000076  00000+0  00000+0 0  9996
2 40749  55.7029 338.8863 0002917 355.0592   4.9323  1.86232818 54000
GSAT0205 (GALILEO 9)    
1 40889U 15045A   23177.29425267  .00000014  00000+0  00000+0 0  9994
2 40889  55.3973 251.6340 0003196  16.5767 343.5057  1.70474025 48486
GSAT0206 (GALILEO 10)   
1 40890U 15045B   23183.38082611  .00000043  00000+0  00000+0 0  9997
2 40890  55.3933 251.4619 0003325 292.3824  67.6794  1.70473346 48615
BEIDOU-3S IGSO-2S       
1 40938U 15053A   23184.10042502 -.00000098  00000+0  00000+0 0  9996
2 40938  50.9053 271.4821 0048529 195.3451 302.6702  1.00252197 28512
NAVSTAR 75 (USA 265)    
1 41019U 15062A   23182.85643490 -.00000042  00000+0  00000+0 0  9999
2 41019  56.1053  72.8401 0087040 221.5377 137.8442  2.00562179 56142
GSAT-15                 
1 41028U 15065A   23184.72202229 -.00000251  00000+0  00000+0 0  9993
2 41028   0.0186  93.8189 0004212 356.5067 184.5770  1.00272004 28032
GSAT0209 (GALILEO 12)   
1 41174U 15079A   23184.13889652  .00000019  00000+0  00000+0 0  9997
2 41174  55.2803 130.9376 0004903 311.9279  47.9788  1.70473940 46940
GSAT0208 (GALILEO 11)   
1 41175U 15079B   23183.18531296  .00000023  00000+0  00000+0 0  9995
2 41175  55.2783 130.9620 0004235 310.7874  49.1250  1.70473956 46929
IRNSS-1E                
1 41241U 16003A   23184.63445973 -.00000316  00000+0  00000+0 0  9990
2 41241  30.8355  78.7531 0018680 179.5318   3.2248  1.00278794 27372
NAVSTAR 76 (USA 266)    
1 41328U 16007A   23184.44240788  .00000018  00000+0  00000+0 0  9994
2 41328  55.0018 132.3492 0071442 235.0119 124.2790  2.00552895 54226
COSMOS 2514             
1 41330U 16008A   23184.04673609 -.00000048  00000+0  00000+0 0  9990
2 41330  65.5220 349.8186 0009553 199.0045 160.9682  2.13102574 57607
IRNSS-1F                
1 41384U 16015A   23184.75083126  .00000165  00000+0  00000+0 0  9993
2 41384   2.8106 132.8815 0018395 185.1725 266.1797  1.00274131 26838
BEIDOU-2 IGSO-6         
1 41434U 16021A   23184.34448615 -.00000149  00000+0  00000+0 0  9992
2 41434  58.6566  48.9085 0045818 219.0407 230.6657  1.00294496 26649
IRNSS-1G                
1 41469U 16027A   23184.01278515 -.00000327  00000+0  00000+0 0  9998
2 41469   2.7054 134.7247 0006415 331.7017 308.3265  1.00264221 26340
GSAT0211 (GALILEO 14)   
1 41549U 16030A   23182.13332731  .00000039  00000+0  00000+0 0  9992
2 41549  55.5413 251.4691 0003058 309.5369  50.5269  1.70473934 44202
GSAT0210 (GALILEO 13)   
1 41550U 16030B   23184.18464716  .00000043  00000+0  00000+0 0  9995
2 41550  55.5398 251.4139 0003740 267.3205  92.7363  1.70473820 44231
COSMOS 2516             
1 41554U 16032A   23182.28630554  .00000101  00000+0  00000+0 0  9990
2 41554  63.8686 228.3124 0015413 214.4532 145.5410  2.13106489 55177
BEIDOU-2 G7             
1 41586U 16037A   23185.01245274 -.00000350  00000+0  00000+0 0  9992
2 41586   1.7278  67.4250 0008547 350.8651 338.4015  1.00276971 25966
EUTELSAT 117 WEST B     
1 41589U 16038B   23184.52132652 -.00000003  00000+0  00000+0 0  9991
2 41589   0.0088 204.0140 0000370  86.9052  61.0279  1.00269766 25870
GSAT0207 (GALILEO 15)   
1 41859U 16069A   23183.25961915  .00000023  00000+0  00000+0 0  9997
2 41859  54.9421 131.0493 0005138 299.1420  60.7555  1.70473949 41196
GSAT0212 (GALILEO 16)   
1 41860U 16069B   23183.70094085  .00000020  00000+0  00000+0 0  9991
2 41860  54.9401 131.0341 0003813 321.2645  38.6565  1.70474111 41234
GSAT0213 (GALILEO 17)   
1 41861U 16069C   23182.30676244  .00000028  00000+0  00000+0 0  9998
2 41861  54.9421 131.0787 0005024 280.9843  78.9106  1.70472831 41200
GSAT0214 (GALILEO 18)   
1 41862U 16069D   23183.62711336  .00000021  00000+0  00000+0 0  9990
2 41862  54.9408 131.0360 0004050 285.9271  73.9768  1.70472630 41229
SES-15                  
1 42709U 17026A   23184.67806037  .00000067  00000+0  00000+0 0  9994
2 42709   0.0182  20.3042 0000579  71.8569 304.2147  1.00267731 23365
QZS-2 (MICHIBIKI-2)     
1 42738U 17028A   23183.51399921 -.00000119  00000+0  00000+0 0  9998
2 42738  41.1434 258.7798 0758383 269.2993  78.4685  1.00281588 22301
QZS-3 (MICHIBIKI-3)     
1 42917U 17048A   23184.69355056 -.00000341  00000+0  00000+0 0  9997
2 42917   0.0752 147.9437 0002480 326.6363 183.5966  1.00271432 21547
COSMOS 2522             
1 42939U 17055A   23184.35824388  .00000092  00000+0  00000+0 0  9993
2 42939  64.1026 228.7476 0009852 241.4034 118.5918  2.13101926 44967
QZS-4 (MICHIBIKI-4)     
1 42965U 17062A   23181.47778230 -.00000321  00000+0  00000+0 0  9990
2 42965  40.6591 357.2773 0744873 271.7001 316.8674  1.00249095 20959
BEIDOU-3 M1             
1 43001U 17069A   23184.31960900 -.00000020  00000+0  00000+0 0  9998
2 43001  55.7978  98.9337 0010479 301.5904  58.3130  1.86231378 38496
BEIDOU-3 M2             
1 43002U 17069B   23184.25618915 -.00000021  00000+0  00000+0 0  9999
2 43002  55.7973  98.9714 0008776 324.8437  35.1035  1.86231073 38485
GSAT0215 (GALILEO 19)   
1 43055U 17079A   23182.35696589  .00000041  00000+0  00000+0 0  9991
2 43055  55.5174 251.2899 0002860 259.6324 100.4276  1.70474634 34541
GSAT0216 (GALILEO 20)   
1 43056U 17079B   23183.23551985  .00000043  00000+0  00000+0 0  9992
2 43056  55.5173 251.2656 0004444 268.9883  91.0575  1.70474743 34554
GSAT0217 (GALILEO 21)   
1 43057U 17079C   23184.62902495  .00000043  00000+0  00000+0 0  9993
2 43057  55.5145 251.2262 0003692 282.1825  77.8766  1.70474677 34588
GSAT0218 (GALILEO 22)   
1 43058U 17079D   23184.84907281  .00000042  00000+0  00000+0 0  9995
2 43058  55.5144 251.2177 0004956 266.6764  93.3674  1.70474566 34584
BEIDOU-3 M7             
1 43107U 18003A   23184.00740819 -.00000077  00000+0  00000+0 0  9997
2 43107  55.1554 339.6525 0005039  72.6136 287.4371  1.86232338 37241
BEIDOU-3 M8             
1 43108U 18003B   23185.01889310 -.00000078  00000+0  00000+0 0  9991
2 43108  55.1481 339.6052 0002438 241.3297 118.6402  1.86230816 37260
BEIDOU-3 M4             
1 43207U 18018A   23183.31369253 -.00000024  00000+0  00000+0 0  9998
2 43207  55.7560  99.0687 0006399 348.5769  11.4090  1.86231344 36617
BEIDOU-3 M3             
1 43208U 18018B   23184.45421459 -.00000020  00000+0  00000+0 0  9998
2 43208  55.7562  99.0347 0008445 313.7788  46.1574  1.86231155 36636
BEIDOU-3 M9             
1 43245U 18029A   23184.14047306 -.00000076  00000+0  00000+0 0  9993
2 43245  55.0526 337.3875 0000829 121.1586 238.8435  1.86232342 35789
BEIDOU-3 M10            
1 43246U 18029B   23184.60756298 -.00000077  00000+0  00000+0 0  9993
2 43246  55.0492 337.4001 0003595  19.0658 340.9411  1.86232806 35786
IRNSS-1I                
1 43286U 18035A   23181.83452023  .00000081  00000+0  00000+0 0  9999
2 43286  29.1030  91.2462 0017789 183.1420 359.6123  1.00272494 19216
COSMOS 2527             
1 43508U 18053A   23184.78586506  .00000005  00000+0  00000+0 0  9993
2 43508  65.0724 110.0488 0008306 237.0920 122.8284  2.13102350 39273
BEIDOU-2 IGSO-7         
1 43539U 18057A   23184.32786247 -.00000069  00000+0  00000+0 0  9996
2 43539  55.1095 172.3838 0061729 231.5755 104.4679  1.00249978 18321
GSAT0221 (GALILEO 25)   
1 43564U 18060A   23183.57535540 -.00000065  00000+0  00000+0 0  9998
2 43564  57.2753  10.9162 0001485 298.7019  61.3203  1.70475666 30758
GSAT0222 (GALILEO 26)   
1 43565U 18060B   23181.44894073 -.00000062  00000+0  00000+0 0  9999
2 43565  57.2767  10.9744 0001438 328.6853  31.3483  1.70475714 30758
GSAT0219 (GALILEO 23)   
1 43566U 18060C   23184.01576936 -.00000066  00000+0  00000+0 0  9995
2 43566  57.2779  10.9074 0001107 338.7958  21.2351  1.70475671 30775
GSAT0220 (GALILEO 24)   
1 43567U 18060D   23181.88980811 -.00000062  00000+0  00000+0 0  9995
2 43567  57.2769  10.9656 0001120 326.8198  33.2148  1.70475549 30715
BEIDOU-3 M5             
1 43581U 18062A   23184.29129567  .00000096  00000+0  00000+0 0  9990
2 43581  54.1865 219.0645 0005535 270.5645  89.4584  1.86231842 33522
BEIDOU-3 M6             
1 43582U 18062B   23184.69340453  .00000091  00000+0  00000+0 0  9999
2 43582  54.1861 219.0402 0004234 347.8776  12.1963  1.86229473 33530
BEIDOU-3 M12            
1 43602U 18067A   23184.09339130  .00000099  00000+0  00000+0 0  9999
2 43602  54.2731 217.7100 0006511   9.5433 350.5547  1.86231649 33010
BEIDOU-3 M11            
1 43603U 18067B   23184.22719390  .00000098  00000+0  00000+0 0  9994
2 43603  54.2702 217.6713 0003726 351.0712   9.0069  1.86231558 33034
BEIDOU-3 M13            
1 43622U 18072A   23184.72236151 -.00000019  00000+0  00000+0 0  9999
2 43622  55.7261  98.5631 0007041 300.9039  59.0353  1.86231590 32558
BEIDOU-3 M14            
1 43623U 18072B   23184.05086316 -.00000022  00000+0  00000+0 0  9996
2 43623  55.7275  98.5782 0005318 327.8750  32.0974  1.86231600 32545
BEIDOU-3 M16            
1 43647U 18078A   23184.21175054 -.00000077  00000+0  00000+0 0  9994
2 43647  54.9482 337.5124 0006985  19.1675 340.8526  1.86227174 32056
BEIDOU-3 M15            
1 43648U 18078B   23184.88100980 -.00000078  00000+0  00000+0 0  9995
2 43648  54.9436 337.4937 0004182  36.7942 323.2280  1.86232142 32082
BEIDOU-3 G1             
1 43683U 18085A   23184.49880951 -.00000272  00000+0  00000+0 0  9998
2 43683   1.3828 128.9442 0004612 327.7115 144.1795  1.00267578 17226
COSMOS 2529             
1 43687U 18086A   23184.41621980  .00000091  00000+0  00000+0 0  9998
2 43687  64.3178 229.1642 0011388 260.7827  99.1831  2.13102104 36271
BEIDOU-3 M17            
1 43706U 18093A   23184.49271385  .00000093  00000+0  00000+0 0  9998
2 43706  54.2689 218.9703 0010612 275.1356  84.8284  1.86231923 31413
BEIDOU-3 M18            
1 43707U 18093B   23183.82098152  .00000101  00000+0  00000+0 0  9994
2 43707  54.2697 218.9847 0008495 298.4684  61.5345  1.86229719 31410
NAVSTAR 77 (USA 289)    
1 43873U 18109A   23182.87170164  .00000026  00000+0  00000+0 0  9990
2 43873  55.1780 134.9130 0024691 194.0180   4.4853  2.00565854 33330
BEIDOU-3 IGSO-1         
1 44204U 19023A   23184.53567229 -.00000216  00000+0  00000+0 0  9994
2 44204  57.1219  48.9060 0022231 195.2261 346.1458  1.00301062 15532
BEIDOU-2 G8             
1 44231U 19027A   23184.50177652 -.00000241  00000+0  00000+0 0  9990
2 44231   1.8005  81.2733 0005035 118.8084  46.3459  1.00269535 15241
COSMOS 2534             
1 44299U 19030A   23183.96491605  .00000095  00000+0  00000+0 0  9990
2 44299  64.3903 229.1002 0013430 280.2310 227.8230  2.13102088 31911
BEIDOU-3 IGSO-2         
1 44337U 19035A   23184.60121163 -.00000090  00000+0  00000+0 0  9995
2 44337  55.1524 168.3437 0033486 198.7750 248.0283  1.00294117 14870
NAVSTAR 78 (USA 293)    
1 44506U 19056A   23184.01782220 -.00000065  00000+0  00000+0 0  9990
2 44506  55.8086  13.9461 0034037 182.6958  23.9133  2.00564453 28407
BEIDOU-3 M24            
1 44542U 19061A   23184.43013677  .00000095  00000+0  00000+0 0  9997
2 44542  54.4960 219.1896 0007830 333.2012  26.8444  1.86231258 25682
BEIDOU-3 M23            
1 44543U 19061B   23184.74431462  .00000091  00000+0  00000+0 0  9994
2 44543  54.4943 219.1484 0005583 313.5736 168.9254  1.86231578 25686
BEIDOU-3 IGSO-3         
1 44709U 19073A   23183.71073707 -.00000198  00000+0  00000+0 0  9990
2 44709  56.6402 292.4206 0034312 186.1773 173.7953  1.00301532 13600
BEIDOU-3 M22            
1 44793U 19078A   23184.27514450 -.00000077  00000+0  00000+0 0  9991
2 44793  54.7968 337.4852 0006006  28.3580 331.6686  1.86232112 24542
BEIDOU-3 M21            
1 44794U 19078B   23183.33196983 -.00000076  00000+0  00000+0 0  9994
2 44794  54.7710 337.5012 0003920  28.2906 331.7259  1.86232574 24527
COSMOS 2544             
1 44850U 19088A   23184.26026628  .00000002  00000+0  00000+0 0  9997
2 44850  65.0582 109.9106 0013324 260.5654  99.2821  2.13102120 27682
BEIDOU-3 M19            
1 44864U 19090A   23184.44484139 -.00000020  00000+0  00000+0 0  9991
2 44864  55.6603  98.7631 0017547 278.6103 301.4707  1.86231621 24118
BEIDOU-3 M20            
1 44865U 19090B   23185.11682583 -.00000017  00000+0  00000+0 0  9996
2 44865  55.6626  98.7731 0015683 292.2751 108.1371  1.86231526 24118
BEIDOU-3 G2             
1 45344U 20017A   23184.43305774 -.00000133  00000+0  00000+0 0  9997
2 45344   2.0172  12.8850 0003537 109.6234  34.6002  1.00269756 12443
COSMOS 2545             
1 45358U 20018A   23184.92637576 -.00000051  00000+0  00000+0 0  9994
2 45358  64.8619 350.0849 0007279 236.9449 122.9916  2.13102547 25666
BEIDOU-3 G3             
1 45807U 20040A   23183.98103894 -.00000342  00000+0  00000+0 0  9997
2 45807   0.6859 332.2115 0006379 311.9373 100.3292  1.00268674 11253
NAVSTAR 79 (USA 304)    
1 45854U 20041A   23183.64587816 -.00000040  00000+0  00000+0 0  9998
2 45854  55.8270  71.2407 0033338 186.1361  55.3425  2.00564875 22366
GALAXY 30 (G-30)        
1 46114U 20056C   23184.48303713  .00000045  00000+0  00000+0 0  9993
2 46114   0.0181  23.7542 0002262  74.6266 231.7413  1.00271544 10572
COSMOS 2547             
1 46805U 20075A   23183.70814111  .00000098  00000+0  00000+0 0  9992
2 46805  64.6174 228.6459 0008563 242.7863 117.2220  2.13103090 20885
NAVSTAR 80 (USA 309)    
1 46826U 20078A   23182.83942116  .00000044  00000+0  00000+0 0  9999
2 46826  54.3418 254.6876 0033664 192.8442 161.7973  2.00562592 19817
NAVSTAR 81 (USA 319)    
1 48859U 21054A   23185.02606122 -.00000069  00000+0  00000+0 0  9998
2 48859  55.3242  15.7216 0009726 208.3781 105.0026  2.00577040 15108
QZS-1R                  
1 49336U 21096A   23183.70599692 -.00000263  00000+0  00000+0 0  9997
2 49336  35.2242  95.8992 0757590 271.6429 301.0214  1.00252019  6176
GSAT0223 (GALILEO 27)   
1 49809U 21116A   23184.67387646 -.00000068  00000+0  00000+0 0  9999
2 49809  57.2691  10.7864 0002381 135.4511 223.4640  1.70475516  9772
GSAT0224 (GALILEO 28)   
1 49810U 21116B   23183.85441995 -.00000065  00000+0  00000+0 0  9995
2 49810  57.2703  10.8069 0002484 121.7718 206.7038  1.70475549  9789
COSMOS 2557             
1 52984U 22075A   23183.40078620 -.00000047  00000+0  00000+0 0  9998
2 52984  64.7764 352.3038 0010430 282.3749  77.5218  2.13102069  7664
COSMOS 2559             
1 54031U 22130A   23184.28105416 -.00000050  00000+0  00000+0 0  9990
2 54031  64.7474 352.4031 0005424 210.1375 149.8424  2.13101276  5672
COSMOS 2564             
1 54377U 22161A   23184.47478472  .00000092  00000+0  00000+0 0  9998
2 54377  64.7579 228.6619 0011004 225.0324 134.9726  2.13102142  4624
NAVSTAR 82 (USA 343)    
1 55268U 23009A   23183.18911580  .00000104  00000+0  00000+0 0  9993
2 55268  55.0933 190.9289 0004078  98.7191  13.3888  2.00559822  3552
BEIDOU-3 G4             
1 56564U 23066A   23184.53347373 -.00000100  00000+0  00000+0 0  9996
2 56564   2.9986 289.1474 0007420 191.8199 152.4040  1.00270761   570
IRNSS-1J (NVS-01)       
1 56759U 23076A   23185.05674505 -.00000325  00000+0  00000+0 0  9990
2 56759   4.8965 273.2549 0003459 337.3782 181.1669  1.00276287   388
